UserID: 5619325814 | Time: 2025-09-13 17:51:31.916931 | Command: /bgmi | Target: 4826372 | Port: 4836 | Time: 120
Username: @focpy
Target: 4826372
Port: 4836
Time: 120


UserID: 5619325814 | Time: 2025-09-13 17:54:55.466951 | Command: /bgmi | Target: 4826372 | Port: 4836 | Time: 120
Username: @focpy
Target: 4826372
Port: 4836
Time: 120


